local Library = loadstring(game:HttpGet("https://raw.githubusercontent.com/xHeptc/Kavo-UI-Library/main/source.lua"))()
local Window = Library.CreateLib("Hunting Season", "BloodTheme")
local Tab = Window:NewTab("Teleports")
local Section = Tab:NewSection("Teleports")
Section:NewButton("WatchTower", "ButtonInfo", function()
    print("Clicked")
    game.Players.LocalPlayer.Character.HumanoidRootPart.CFrame = CFrame.new (-622.857544, 84.3999481, -553.924622, 0.0160449892, -2.4497826e-08, 0.999871254, -4.70883492e-08, 1, 2.52566092e-08, -0.999871254, -4.74875321e-08, 0.0160449892)
    end)
Section:NewButton("Shop", "ButtonInfo", function()
    print("Clicked")
    game.Players.LocalPlayer.Character.HumanoidRootPart.CFrame = CFrame.new (-418.247314, 5.84244967, -175.328308, 0.916609049, 0, 0.399784774, 0, 1, 0, -0.399784774, 0, 0.916609049)
end)
Section:NewButton("Observatory", "ButtonInfo", function()
    print("Clicked")
    game.Players.LocalPlayer.Character.HumanoidRootPart.CFrame = CFrame.new (278.796997, 120.278, 113.016998, 1, 0, 0, 0, 1, 0, 0, 0, 1)
end)
Section:NewButton("WareHouse1", "ButtonInfo", function()
    print("Clicked")
    game.Players.LocalPlayer.Character.HumanoidRootPart.CFrame = CFrame.new (-44.1189995, 10.7749996, -407.574005, 0.707134247, -0, -0.707079291, 0, 1, -0, 0.707079291, 0, 0.707134247)
end)
Section:NewButton("WareHouse2", "ButtonInfo", function()
    print("Clicked")
    game.Players.LocalPlayer.Character.HumanoidRootPart.CFrame = CFrame.new (-326.363007, 23.757, 175.673004, 0, 0, -1, 0, 1, 0, 1, 0, 0)
end)
Section:NewButton("Cabin1", "ButtonInfo", function()
    print("Clicked")
    game.Players.LocalPlayer.Character.HumanoidRootPart.CFrame = CFrame.new (-1502.20093, 39.5162468, 255.859131, 0.175731361, -0, -0.9844383, 0, 1, -0, 0.9844383, 0, 0.175731361)
end)
Section:NewButton("Cabin2", "ButtonInfo", function()
    print("Clicked")
    game.Players.LocalPlayer.Character.HumanoidRootPart.CFrame = CFrame.new (-1448.84326, 42.2816505, 170.616821, -1, 0, 0, 0, 1, 0, 0, 0, -1)
end)
Section:NewButton("Church", "ButtonInfo", function()
    print("Clicked")
    game.Players.LocalPlayer.Character.HumanoidRootPart.CFrame = CFrame.new (-775.603027, 53.8129997, -947.434998, 0, 0, -1, 0, 1, 0, 1, 0, 0)
end)
Section:NewButton("Stockpile", "ButtonInfo", function()
    print("Clicked")
    game.Players.LocalPlayer.Character.HumanoidRootPart.CFrame = CFrame.new (-65.2166138, 4.70999956, 184.20311, 0.974405468, 0, 0.224797696, 0, 1, 0, -0.224797696, 0, 0.974405468)
end)
Section:NewButton("Plane", "ButtonInfo", function()
    print("Clicked")
    game.Players.LocalPlayer.Character.HumanoidRootPart.CFrame = CFrame.new (-1222.875, 32.6542397, 62.6999969, 1, 0, 0, 0, 1, 0, 0, 0, 1)
end)
Section:NewButton("Get all badges (IF U CLICK U WILL DIE)", "ButtonInfo", function()
    print("Clicked")
for i,v in pairs (game:GetService("Workspace")["scriptable_folder"].Badges :GetChildren()) do
game.Players.LocalPlayer.Character.HumanoidRootPart.CFrame = CFrame.new (v.Position + Vector3.new (0,0,0))
wait (0.5)
end
end)
local Tab = Window:NewTab("Misc")
local Section = Tab:NewSection("Misc")
Section:NewButton("Rejoin", "ButtonInfo", function()
    print("Clicked")
loadstring(game:HttpGet('https://raw.githubusercontent.com/KTollT/Rejoin/main/README.md'))()
end)
Section:NewButton("FullBright", "ButtonInfo", function()
    print("Clicked")
local Light = game:GetService("Lighting")

function dofullbright()
Light.Ambient = Color3.new(1, 1, 1)
Light.ColorShift_Bottom = Color3.new(1, 1, 1)
Light.ColorShift_Top = Color3.new(1, 1, 1)
end
 
dofullbright()
end)
Section:NewButton("Infiniteyield (MAY CRASH UR GAME)", "ButtonInfo", function()
    print("Clicked")
loadstring(game:HttpGet('https://raw.githubusercontent.com/EdgeIY/infiniteyield/master/source'))()
end)
local Tab = Window:NewTab("AutoFarm")
local Section = Tab:NewSection("AutoFarm Nightcrawlers")
Section:NewButton("AutoFarm (SPAM E)", "ButtonInfo", function()
    print("Clicked")
for i,v in pairs (game:GetService("Workspace")["nc_folder"].NightCrawlersFolder :GetChildren()) do
game.Players.LocalPlayer.Character.HumanoidRootPart.CFrame = CFrame.new (v.Position + Vector3.new (0,0,0))
wait (1)
end
end)
local Tab = Window:NewTab("Close gui")
local Section = Tab:NewSection("Hide Gui, click down and press any key that")
Section:NewKeybind("you want to close", "Hello", Enum.KeyCode.M, function()
	Library:ToggleUI()
end)
local Tab = Window:NewTab("Credits")
local Section = Tab:NewSection("Credits: Windy31#2467")
